[Variables]
ercf_calib_0 = 1.0
ercf_calib_1 = 1.00150134103
ercf_calib_10 = 1.0
ercf_calib_11 = 1.0
ercf_calib_2 = 0.999958987836
ercf_calib_3 = 0.999958987836
ercf_calib_4 = 0.999958987836
ercf_calib_5 = 1.00098669491
ercf_calib_6 = 1.0
ercf_calib_7 = 1.0
ercf_calib_8 = 1.0
ercf_calib_9 = 1.0
ercf_calib_ref = 1531.6336575

