[Variables]
afr_distance_offset = 123
afr_distance_offset0 = 60
afr_distance_offset4 = 100
ercf_calib_0 = 1.0
ercf_calib_1 = 0.998339534509
ercf_calib_10 = 1.0
ercf_calib_11 = 1.0
ercf_calib_2 = 0.998339534509
ercf_calib_3 = 1.00130857402
ercf_calib_4 = 0.999080142472
ercf_calib_5 = 0.999821850076
ercf_calib_6 = 1.0
ercf_calib_7 = 1.0
ercf_calib_8 = 1.0
ercf_calib_9 = 1.0
ercf_calib_ref = 1061.213554

